A R N D C Q E G H I L K M F P S T W Y V
A 1 -1 0 0 -2 0 0 1 -1 0 -1 -1 -1 -3 1 1 1 -5 -3 0
R -1 6 0 -1 -3 1 -1 -3 1 -1 -2 3 0 -3 0 0 0 2 -4 -2
N 0 0 2 2 -3 0 1 0 1 -1 -2 1 -1 -3 0 0 0 -3 -2 -1
D 0 -1 2 3 -4 1 3 0 0 -2 -3 0 -2 -5 0 0 0 -6 -4 -1
C -2 -3 -3 -5 11 -5 -5 -4 -3 -2 -5 -5 -5 -4 -2 0 -1 -7 0 -1
Q 0 1 0 1 -5 4 2 -1 2 -1 -1 0 -1 -4 0 0 0 -4 -4 -1
E 0 -1 1 3 -5 2 3 0 0 -1 -2 0 -2 -5 0 0 0 -6 -4 -1
G 1 -2 0 0 -3 -1 0 4 -2 -2 -3 -1 -2 -4 0 1 0 -6 -5 -1
H -1 1 1 0 -3 2 0 -2 6 -2 -2 0 -2 -1 0 0 -1 -2 0 -2
I 0 -2 -1 -2 -2 -2 -2 -2 -2 4 2 -1 2 0 -2 -1 0 -5 -1 3
L -1 -3 -2 -3 -5 -1 -3 -3 -2 2 5 -2 3 1 -2 -2 -1 -1 -1 1
K -1 3 0 0 -5 0 0 -1 0 -1 -2 4 0 -5 0 0 0 -3 -4 -2
M -1 0 -1 -2 -5 0 -2 -3 -2 2 3 0 6 0 -2 -1 0 -4 -2 1
F -3 -3 -2 -4 -3 -4 -4 -3 -1 1 1 -4 0 9 -4 -2 -2 0 7 -1
P 1 0 0 0 -2 0 0 0 0 -1 -2 0 -1 -3 5 1 0 -5 -4 -1
S 1 0 0 0 0 0 0 1 0 -1 -2 0 -1 -3 1 1 1 -2 -3 0
T 1 0 0 0 -2 0 0 0 -1 0 -1 0 0 -2 0 1 2 -5 -3 0
W -5 2 -5 -7 -6 -5 -7 -6 -4 -6 -7 -3 -6 1 -5 -1 -4 17 1 -7
Y -3 -4 -1 -3 0 -3 -3 -4 0 0 0 -5 -2 7 -4 -2 -2 0 10 -2
V 0 -2 -1 -2 -2 -1 -2 -1 -2 3 1 -2 1 -1 -1 -1 0 -6 -2 4
